1088 1040 0 0 0 16 -80 16 -80 0
1008 1056 0 0 0 64 16 64 16 0
1072 992 0 0 0 48 16 48 16 0
288 928 0 0 48 0 48 16 0 16
496 960 0 0 48 0 48 16 0 16
688 1040 0 0 48 0 48 16 0 16
544 720 0 0 0 272 80 272 80 0
240 720 0 0 0 288 16 288 16 0
256 720 0 0 240 0 240 16 0 16
480 720 0 0 0 -96 16 -96 16 0
496 640 0 0 176 0 176 -16 0 -16
672 624 0 0 0 224 16 224 16 0
688 832 0 0 112 0 112 16 0 16
784 832 0 0 0 -80 16 -80 16 0
800 752 0 0 0 16 208 16 208 0
1008 752 0 0 0 240 16 240 16 0
1024 976 0 0 64 0 64 16 0 16
1008 1104 0 0 -336 0 -336 16 0 16
672 1104 0 0 0 -112 16 -112 16 0
672 976 0 0 0 16 256 16 256 0
864 896 0 0 0 -48 16 -48 16 0
880 896 0 0 0 -80 32 -80 32 0
912 880 0 0 0 96 16 96 16 0
864 896 0 0 0 16 -240 16 -240 0
256 992 0 0 304 0 304 16 0 16