4 0 432 2000000 416 0 2000000 0 -432 2000000 -416 0 2000000
4 0 432 2000000 -416 0 2000000 0 -432 2000000 416 0 2000000
4 0 400 2000000 384 0 2000000 0 -400 2000000 -384 0 2000000
4 0 400 2000000 -384 0 2000000 0 -400 2000000 384 0 2000000
4 -64 0 1000000 0 -64 1000000 64 0 1000000 0 64 1000000
4 -64 0 1000000 0 -64 1000000 64 0 1000000 0 64 1000000
4 -64 0 1000000 0 -64 1000000 64 0 1000000 0 64 1000000
4 0 368 2000000 352 0 2000000 0 -368 2000000 -352 0 2000000
4 0 368 2000000 -352 0 2000000 0 -368 2000000 352 0 2000000
13 -32 0 500000 0 16 250000 -16 0 250000 0 48 750000 16 0 250000 0 16 250000 48 0 750000 0 -16 250000 16 0 250000 0 -48 750000 -16 0 250000 0 -16 250000 -16 0 250000
4 0 64 1000000 64 0 1000000 0 -64 1000000 -64 0 1000000
4 0 64 1000000 64 0 1000000 0 -64 1000000 -64 0 1000000
4 0 64 1000000 64 0 1000000 0 -64 1000000 -64 0 1000000
4 0 64 1000000 64 0 1000000 0 -64 1000000 -64 0 1000000
4 0 64 1000000 64 0 1000000 0 -64 1000000 -64 0 1000000
4 0 304 2000000 288 0 2000000 0 -304 2000000 -288 0 2000000
4 0 304 2000000 -288 0 2000000 0 -304 2000000 288 0 2000000
4 0 272 2000000 256 0 2000000 0 -272 2000000 -256 0 2000000
4 0 272 2000000 -256 0 2000000 0 -272 2000000 256 0 2000000
4 0 240 2000000 224 0 2000000 0 -240 2000000 -224 0 2000000
4 0 240 2000000 -224 0 2000000 0 -240 2000000 224 0 2000000
4 64 0 1000000 0 -64 1000000 -64 0 1000000 0 64 1000000
4 0 -64 1000000 -64 0 1000000 0 64 1000000 64 0 1000000
13 32 0 500000 0 -16 250000 16 0 250000 0 -48 750000 -16 0 250000 0 -16 250000 -48 0 750000 0 16 250000 -16 0 250000 0 48 750000 16 0 250000 0 16 250000 16 0 250000
13 -32 0 500000 0 16 250000 -16 0 250000 0 48 750000 16 0 250000 0 16 250000 48 0 750000 0 -16 250000 16 0 250000 0 -48 750000 -16 0 250000 0 -16 250000 -16 0 250000
4 -64 0 1000000 0 -64 1000000 64 0 1000000 0 64 1000000
4 -64 0 1000000 0 -64 1000000 64 0 1000000 0 64 1000000
4 -64 0 1000000 0 -64 1000000 64 0 1000000 0 64 1000000
13 32 0 500000 0 -16 250000 16 0 250000 0 -48 750000 -16 0 250000 0 -16 250000 -48 0 750000 0 16 250000 -16 0 250000 0 48 750000 16 0 250000 0 16 250000 16 0 250000
4 0 -240 2000000 -224 0 2000000 0 240 2000000 224 0 2000000
4 0 -240 2000000 224 0 2000000 0 240 2000000 -224 0 2000000
4 0 -272 2000000 -256 0 2000000 0 272 2000000 256 0 2000000
4 0 -272 2000000 256 0 2000000 0 272 2000000 -256 0 2000000
4 0 -304 2000000 -288 0 2000000 0 304 2000000 288 0 2000000
4 0 -304 2000000 288 0 2000000 0 304 2000000 -288 0 2000000
4 0 -368 2000000 352 0 2000000 0 368 2000000 -352 0 2000000
4 0 -368 2000000 -352 0 2000000 0 368 2000000 352 0 2000000
4 0 -400 2000000 384 0 2000000 0 400 2000000 -384 0 2000000
4 0 -400 2000000 -384 0 2000000 0 400 2000000 384 0 2000000
4 0 -432 2000000 416 0 2000000 0 432 2000000 -416 0 2000000
4 0 -432 2000000 -416 0 2000000 0 432 2000000 416 0 2000000