416 672 16 464
432 1120 288 16
432 960 192 16
432 576 768 112
1200 896 112 208
1200 576 448 16
1632 800 16 112
1312 896 320 16
1360 992 336 16
1696 624 144 384
1632 592 64 96
1312 1088 1456 16
2752 624 16 464
2592 720 16 368
1840 624 912 16
2272 752 208 224
1952 752 208 224
2656 992 48 16
2640 1024 80 16
2624 1056 112 16
448 1056 48 16
512 1072 48 16
576 1088 48 16
640 1072 48 16
560 864 32 16
560 912 32 16
560 720 32 16
560 768 32 16
752 720 48 48
848 720 48 48
944 720 48 48
512 816 192 16
544 736 64 32
544 880 64 32
704 800 496 320
1296 624 48 48
1248 720 48 48
1296 816 48 48
1344 720 48 48
1392 816 48 48
1488 816 48 48
1536 720 48 48
1440 720 48 48
1392 624 48 48
1488 624 48 48
