736 432 192 112
912 544 48 32
960 576 16 32
928 608 48 48
912 624 16 32
656 672 464 144
608 800 48 16
608 704 48 16
608 608 48 16
656 592 16 80
672 592 112 16
784 608 48 16
832 624 48 16
880 640 32 16
432 432 16 464
448 432 288 16
448 880 1056 16
1120 672 832 16
1232 816 992 64
1472 688 96 80
1664 688 96 80
1856 688 96 80
1952 624 176 144
1584 624 368 16
1584 352 16 272
1600 352 784 16
1680 464 560 48
2208 512 32 304
2240 752 144 16
2368 368 16 384
2288 688 48 16
2080 416 48 16
1808 400 16 16
1920 560 48 16
1776 560 48 16
496 816 48 16
496 528 48 16
1776 368 48 16
1792 384 32 16