448 448 16 384
464 816 240 16
704 800 96 16
800 784 96 16
992 560 64 496
1136 448 208 400
464 448 672 16
1344 432 256 16
1600 304 96 496
1696 304 80 16
1776 304 144 496
1600 880 96 304
1696 992 96 16
1776 880 144 112
1920 944 832 16
1920 720 832 16
2736 736 16 208
2416 736 144 64
2416 880 144 64
2096 736 144 64
2096 880 144 64
1344 608 32 48
1344 672 32 48
1344 736 32 48
1344 800 32 48
1440 800 32 48
1440 736 32 48
1440 672 32 48
1440 608 32 48
1456 480 48 48
1472 576 16 512
1136 928 336 16
1136 944 176 112
1296 1056 16 112
880 1168 720 16
880 1040 16 128
656 464 64 48
672 512 32 224
608 576 64 16
704 576 48 16
848 576 144 16
896 768 96 288
2624 880 48 16
